% This program stores a 10 by 10 correlation matrix.

rho = [1 0.9959 0.9635 0.927 0.9001 0.8869 0.8752 0.8595 0.8342 0.8133;...
    0.9959 1 0.9837 0.9555 0.929 0.9075 0.8893 0.8718 0.8529 0.8353;...
    0.9635 0.9837 1 0.9904 0.9674 0.9319 0.9013 0.8795 0.8714 0.8594;...
    0.927 0.9555 0.9904 1 0.991 0.9602 0.9274 0.9012 0.8894 0.8752;...
    0.9001 0.929 0.9674 0.991 1 0.9864 0.9602 0.9318 0.9079 0.8867;...
    0.8869 0.9075 0.9319 0.9602 0.9864 1 0.991 0.9673 0.9294 0.8998;...
    0.8752 0.8893 0.9013 0.9274 0.9602 0.991 1 0.9904 0.9558 0.9268;...
    0.8595 0.8718 0.8795 0.9012 0.9318 0.9673 0.9904 1 0.9839 0.9634;...
    0.8342 0.8529 0.8714 0.8894 0.9079 0.9294 0.9558 0.9839 1 0.9958;...
    0.8133 0.8353 0.8594 0.8752 0.8867 0.8998 0.9268 0.9634 0.9958 1];
