% This program saves the parameters for testingMyFunc2 function.

ti = linspace(1,6,6);
F = [0;0.050114;0.055973;0.058387;0.060027;0.061315];
ic;
rho = rho(1:6,1:6);
V = [0 0.180 0.167 0.154 0 0;0 0 0.181 0.162 0.145 0;0 0 0 0.178 0.155 0.137];
